D1           36.002617       36.992175       -5.011011       -3.986656
D2          149.621744      150.609661        1.704935        2.721344
D3          214.057237      215.667018       52.169517       53.191990
D4          333.359524      334.391309      -18.245849      -17.212758
W1-4-4       30.169870       31.147776      -11.234528      -10.265533
W1-4-3       30.170291       31.147547      -10.265533       -9.332020
W1-4-2       30.171234       31.147842       -9.332020       -8.399324
W1-4-1       30.173815       31.148188       -8.399324       -7.468084
W1-4+0       30.173776       31.147615       -7.468084       -6.535656
W1-4+1       30.173639       31.147419       -6.535656       -5.601336
W1-4+2       30.175061       31.147187       -5.601336       -4.669477
W1-4+3       30.175849       31.148306       -4.669477       -3.697473
W1-3-4       31.147776       32.105876      -11.247393      -10.265533
W1-3-3       31.147547       32.103681      -10.265533       -9.332020
W1-3-2       31.147842       32.105047       -9.332020       -8.399324
W1-3-1       31.148188       32.103924       -8.399324       -7.468084
W1-3+0       31.147615       32.102787       -7.468084       -6.535656
W1-3+1       31.147419       32.102854       -6.535656       -5.601336
W1-3+2       31.147187       32.104274       -5.601336       -4.669477
W1-3+3       31.148306       32.104645       -4.669477       -3.696639
W1-2-4       32.105876       33.061853      -11.234501      -10.265533
W1-2-3       32.103681       33.061964      -10.265533       -9.332020
W1-2-2       32.105047       33.060065       -9.332020       -8.399324
W1-2-1       32.103924       33.061459       -8.399324       -7.468084
W1-2+0       32.102787       33.061623       -7.468084       -6.535656
W1-2+1       32.102854       33.060761       -6.535656       -5.601336
W1-2+2       32.104274       33.062938       -5.601336       -4.669477
W1-2+3       32.104645       33.063357       -4.669477       -3.693929
W1-1-4       33.061853       34.018296      -11.234601      -10.265533
W1-1-3       33.061964       34.017799      -10.265533       -9.332020
W1-1-2       33.060065       34.020191       -9.332020       -8.399324
W1-1-1       33.061459       34.018429       -8.399324       -7.468084
W1-1+0       33.061623       34.019276       -7.468084       -6.535656
W1-1+1       33.060761       34.020004       -6.535656       -5.601336
W1-1+2       33.062938       34.019336       -5.601336       -4.669477
W1-1+3       33.063357       34.018119       -4.669477       -3.694841
W1+0-4       34.018296       34.976483      -11.250411      -10.265533
W1+0-3       34.017799       34.976329      -10.265533       -9.332020
W1+0-2       34.020191       34.976247       -9.332020       -8.399324
W1+0-1       34.018429       34.977304       -8.399324       -7.468084
W1+0+0       34.019276       34.975743       -7.468084       -6.535656
W1+0+1       34.020004       34.977436       -6.535656       -5.601336
W1+0+2       34.019336       34.978114       -5.601336       -4.669477
W1+0+3       34.018119       34.974481       -4.669477       -3.694394
W1+1-4       34.976483       35.931422      -11.234645      -10.265533
W1+1-3       34.976329       35.933008      -10.265533       -9.332020
W1+1-2       34.976247       35.931761       -9.332020       -8.399324
W1+1-1       34.977304       35.932422       -8.399324       -7.468084
W1+1+0       34.975743       35.933345       -7.468084       -6.535656
W1+1+1       34.977436       35.931835       -6.535656       -5.601336
W1+1+2       34.978114       35.933008       -5.601336       -4.669477
W1+1+3       34.974481       35.934226       -4.669477       -3.695248
W1+2-4       35.931422       36.889323      -11.236858      -10.265533
W1+2-3       35.933008       36.888234      -10.265533       -9.332020
W1+2-2       35.931761       36.888251       -9.332020       -8.399324
W1+2-1       35.932422       36.888948       -8.399324       -7.468084
W1+2+0       35.933345       36.888897       -7.468084       -6.535656
W1+2+1       35.931835       36.889173       -6.535656       -5.601336
W1+2+2       35.933008       36.889089       -5.601336       -4.669477
W1+2+3       35.934226       36.890147       -4.669477       -3.677556
W1+3-4       36.889323       37.846141      -11.236994      -10.265533
W1+3-3       36.888234       37.848272      -10.265533       -9.332020
W1+3-2       36.888251       37.846820       -9.332020       -8.399324
W1+3-1       36.888948       37.846099       -8.399324       -7.468084
W1+3+0       36.888897       37.847127       -7.468084       -6.535656
W1+3+1       36.889173       37.846807       -6.535656       -5.601336
W1+3+2       36.889089       37.846686       -5.601336       -4.669477
W1+3+3       36.890147       37.847755       -4.669477       -3.702166
W1+4-4       37.846141       38.824969      -11.230755      -10.265533
W1+4-3       37.848272       38.825237      -10.265533       -9.332020
W1+4-2       37.846820       38.823077       -9.332020       -8.399324
W1+4-1       37.846099       38.820668       -8.399324       -7.468084
W1+4+0       37.847127       38.820093       -7.468084       -6.535656
W1+4+1       37.846807       38.820133       -6.535656       -5.601336
W1+4+2       37.846686       38.819480       -5.601336       -4.669477
W1+4+3       37.847755       38.817425       -4.669477       -3.701322
W2-1-1      132.048764      133.020575       -5.696058       -4.716582
W2-1+0      132.052077      133.019712       -4.716582       -3.782077
W2-1+1      132.051001      133.021024       -3.782077       -2.849229
W2-1+2      132.052894      133.022786       -2.849229       -1.915148
W2-1+3      132.053359      133.022171       -1.915148       -0.943376
W2+0-1      133.020575      133.974813       -5.688187       -4.716582
W2+0+0      133.019712      133.975317       -4.716582       -3.782077
W2+0+1      133.021024      133.973804       -3.782077       -2.849229
W2+0+2      133.022786      133.972946       -2.849229       -1.915148
W2+0+3      133.022171      133.973853       -1.915148       -0.944508
W2+1-1      133.974813      134.925491       -5.681782       -4.716582
W2+1+0      133.975317      134.924802       -4.716582       -3.782077
W2+1+1      133.973804      134.925941       -3.782077       -2.849229
W2+1+2      133.972946      134.928672       -2.849229       -1.915148
W2+1+3      133.973853      134.928414       -1.915148       -0.945223
W2+2-1      134.925491      135.880053       -5.681557       -4.716582
W2+2+0      134.924802      135.877486       -4.716582       -3.782077
W2+2+1      134.925941      135.881527       -3.782077       -2.849229
W2+2+2      134.928672      135.879462       -2.849229       -1.915148
W2+2+3      134.928414      135.878308       -1.915148       -0.942796
W2+3-1      135.880053      136.850119       -5.682880       -4.716582
W2+3+0      135.877486      136.847047       -4.716582       -3.782077
W2+3+1      135.881527      136.849690       -3.782077       -2.849229
W2+3+2      135.879462      136.848410       -2.849229       -1.915148
W2+3+3      135.878308      136.845772       -1.915148       -0.944046
W3-3-3      209.274751      210.793883       51.199717       52.169931
W3-3-2      209.175922      210.725501       52.169931       53.104936
W3-3-1      209.076590      210.654386       53.104936       54.037955
W3-3+0      208.947215      210.564419       54.037955       54.967246
W3-3+1      208.826948      210.479656       54.967246       55.903478
W3-3+2      208.702064      210.395422       55.903478       56.837376
W3-3+3      208.561373      210.296617       56.837376       57.800870
W3-2-3      210.793883      212.264807       51.200489       52.169931
W3-2-2      210.725501      212.221392       52.169931       53.104936
W3-2-1      210.654386      212.173945       53.104936       54.037955
W3-2+0      210.564419      212.133808       54.037955       54.967246
W3-2+1      210.479656      212.079603       54.967246       55.903478
W3-2+2      210.395422      212.026339       55.903478       56.837376
W3-2+3      210.296617      211.967708       56.837376       57.800835
W3-1-3      212.264807      213.735811       51.200054       52.169931
W3-1-2      212.221392      213.720724       52.169931       53.104936
W3-1-1      212.173945      213.709254       53.104936       54.037955
W3-1+0      212.133808      213.691382       54.037955       54.967246
W3-1+1      212.079603      213.671494       54.967246       55.903478
W3-1+2      212.026339      213.658954       55.903478       56.837376
W3-1+3      211.967708      213.638018       56.837376       57.806818
W3+0-3      213.735811      215.203745       51.202195       52.169931
W3+0-2      213.720724      215.219746       52.169931       53.104936
W3+0-1      213.709254      215.236209       53.104936       54.037955
W3+0+0      213.691382      215.251445       54.037955       54.967246
W3+0+1      213.671494      215.261578       54.967246       55.903478
W3+0+2      213.658954      215.294413       55.903478       56.837376
W3+0+3      213.638018      215.307875       56.837376       57.800606
W3+1-3      215.203745      216.676126       51.194789       52.169931
W3+1-2      215.219746      216.717997       52.169931       53.104936
W3+1-1      215.236209      216.760620       53.104936       54.037955
W3+1+0      215.251445      216.810016       54.037955       54.967246
W3+1+1      215.261578      216.866034       54.967246       55.903478
W3+1+2      215.294413      216.919597       55.903478       56.837376
W3+1+3      215.307875      216.971423       56.837376       57.800640
W3+2-3      216.676126      218.142896       51.206799       52.169931
W3+2-2      216.717997      218.214546       52.169931       53.104936
W3+2-1      216.760620      218.295673       53.104936       54.037955
W3+2+0      216.810016      218.373916       54.037955       54.967246
W3+2+1      216.866034      218.460471       54.967246       55.903478
W3+2+2      216.919597      218.551758       55.903478       56.837376
W3+2+3      216.971423      218.645333       56.837376       57.800551
W3+3-3      218.142896      219.664855       51.193997       52.169931
W3+3-2      218.214546      219.766393       52.169931       53.104936
W3+3-1      218.295673      219.875698       53.104936       54.037955
W3+3+0      218.373916      219.995918       54.037955       54.967246
W3+3+1      218.460471      220.113957       54.967246       55.903478
W3+3+2      218.551758      220.248392       55.903478       56.837376
W3+3+3      218.645333      220.380341       56.837376       57.810058
W4+2-2      334.746670      335.713870       -1.021169       -0.066189
W4+2-1      334.744968      335.713134       -0.066189        0.841758
W4+2+0      334.745120      335.714094        0.841758        1.819520
W4+1-2      333.796737      334.746670       -1.021012       -0.066189
W4+1-1      333.796085      334.744968       -0.066189        0.841758
W4+1+0      333.794723      334.745120        0.841758        1.785753
W4+1+1      333.797496      334.766361        1.785753        2.753080
W4+0-2      332.845849      333.796737       -1.021789       -0.066189
W4+0-1      332.846354      333.796085       -0.066189        0.841758
W4+0+0      332.845951      333.794723        0.841758        1.785753
W4+0+1      332.844973      333.797496        1.785753        2.752659
W4-1-2      331.877637      332.845849       -1.021344       -0.066189
W4-1-1      331.879390      332.846354       -0.066189        0.841758
W4-1+0      331.895699      332.845951        0.841758        1.785753
W4-1+1      331.895412      332.844973        1.785753        2.724929
W4-1+2      331.894592      332.864781        2.724929        3.649879
W4-1+3      331.893488      332.864266        3.649879        4.619677
W4-2+0      330.945863      331.895699        0.813913        1.785753
W4-2+1      330.945999      331.895412        1.785753        2.724929
W4-2+2      330.944118      331.894592        2.724929        3.649879
W4-2+3      330.941350      331.893488        3.649879        4.621812
W4-3+0      329.976800      330.945863        0.813583        1.785753
W4-3+1      329.977445      330.945999        1.785753        2.724929
W4-3+2      329.974058      330.944118        2.724929        3.649879
W4-3+3      329.971439      330.941350        3.649879        4.622161
