2950   0.000
3000   0.010
3050   0.064
3100   0.143
3150   0.235
3200   0.328
3250   0.409
3300   0.477
3350   0.534
3400   0.582
3450   0.626
3500   0.667
3550   0.706
3600   0.745
3650   0.783
3700   0.819
3750   0.849
3800   0.873
3850   0.890
3900   0.903
3950   0.912
4000   0.921
4050   0.931
4100   0.943
4150   0.955
4200   0.968
4250   0.979
4300   0.990
4350   0.997
4400   1.000
4450   0.996
4500   0.984
4550   0.960
4600   0.928
4650   0.882
4700   0.822
4750   0.746             
4800   0.654                
4850   0.550 
4900   0.442               
4950   0.340               
5000   0.253               
5050   0.179               
5100   0.111               
5150   0.044               
5200   0.00